2;Saint Bris des Bois;17170;45.7664;-0.4903
3;Aulnay de Saintonge;17470;46.0201;-0.3374
4;Brousse le Château;12480;43.9973;2.6246
5;Caen;14000;49.1847;-0.3601
6;Chauvigny;86300;46.5684;0.6473
7;Saint Nicolas les Cîteaux;27100;47.1147;5.0549
8;Pontpoint;60700;49.3;2.6407
9;Civray;86400;46.1465;0.2941
10;Dampierre sur Boutonne;17470;46.0662;-0.4136
11;Ercuis;60530;49.2342;2.3059
12;Maillezais;85420;46.3714;-0.7391
13;Matha;17160;45.8675;-0.32
14;Matha;17160;45.8675;-0.32
15;Benet;85490;46.3643;-0.6072
16;Maillé;85420;46.3424;-0.7889
17;Lusignan;86600;46.4352;0.1224
18;Nieul sur l'Autise;85240;46.4225;-0.6807
19;Vouvant;85120;46.5724;-0.7692
20;Maillezais;85420;46.3714;-0.7391
21;Montmorillon;86500;46.426;0.8667
22;Paris;75001;48.8625;2.3365
23;Nouaillé-Maupertuis;86340;46.5107;0.4134
24;Melle;79500;46.2207;-0.1456
25;Poitiers;86000;46.587;0.3426
26;Paris;75001;48.8625;2.3365
27;Précy sur Oise;60460;49.2064;2.3743
28;Saint Leu d'Esserent;60340;49.2171;2.417
29;Asnière sur Oise;95270;49.1146;2.399
30;Senlis;60300;49.2042;2.5862
31;St Mandé sur Brédoire;17470;46.0239;-0.3031
32;Vézelay;89450;47.4663;3.7476
33;Provins;77130;48.5592;3.3024
34;Saint-Benoît-sur-Loire;45730;47.8105;2.306
35;Reims;51100;49.2566;4.0331
36;Sylvanès;12360;43.8338;2.9593
37;Saintes;17100;45.7474;-0.6371
38;Saint Savin sur Gartempe;86310;46.5636;0.8863
39;Gordes;84220;43.9112;5.2011
40;La Roque-d'Anthéron;13640;43.7164;5.3101
41;Le Thoronet;83440;43.4501;6.3081
42;Saintes;17100;45.7474;-0.6371
43;Saintes;17100;45.7474;-0.6371
44;Beaune;21200;47.024;4.8383
45;La Couvertoirade;12230;43.9129;3.3162
46;Saint-Ouen-l'Aumône;95310;49.0452;2.1072
47;Paris;75001;48.8625;2.3365
48;Saint-Amand de Coly;24290;45.0633;1.2475
49;Villars;24530;45.4197;0.754
50;Le Buisson de Cadouin;24480;44.8439;0.9086
51;Chancelade;24650;45.2055;0.6669
52;Paunat;24510;44.9051;0.8588
53;Brantome;24310;45.3643;0.6472
54;Cenac et Saint Julien;24250;44.7987;1.2042
55;Saint-Léon-sur-Vézère;24290;45.0097;1.0884
57;Thiviers;24800;45.4144;0.9209
58;Angoulème;16021;45.6483;0.1609
59;Beauvais;60000;49.4224;2.0836
60;Audrix;24260;44.8807;0.9473
61;Auvers sur Oise;95430;49.0712;2.1772
62;Belvès;24170;44.7744;1.0052
63;Méry sur Oise;95540;49.0638;2.186
64;Monpazier;24540;44.6822;0.8944
65;Saint-Germer-de-Fly;60850;49.4436;1.7817
66;Luçon;85400;46.4547;-1.1664
67;Merlande;24650;44.8381;-0.1453
68;Trémolat;24510;44.8761;0.8309
69;Chartres;28000;48.4444;1.4842
70;Arles;13200;43.6766;4.6278
71;Arles;13200;43.6766;4.6278
72;Arles;13200;43.6766;4.6278
73;Montjoyer;26230;44.4763;4.8522
74;Arles;13200;43.6766;4.6278
75;Montmajour;13200;43.5476;4.6615
76;La Garde Adhmar;26700;44.3932;4.7557
77;Saint Paul Trois Chateaux;26130;44.3496;4.7663
78;Vaison la Romaine;84110;44.241;5.074
79;Montfavet;84143;43.9486;4.806
80;Boiscommun;45340;48.0362;2.3827
82;Avignon;84000;43.9486;4.806
83;Avignon;84000;43.9486;4.806
84;Uzes;30700;44.0107;4.419
85;Perigueux;24000;45.1868;0.7218
86;Sarlat-la-Caneda;24200;44.8913;1.2151
87;Sainte Alvere;24510;44.9466;0.8077
88;Perigueux;24000;45.1868;0.7218
89;FRIBOURG;CH-1700;46.8025;7.1513
90;Posieux;CH-1725;46.7609;7.0961
91;Paris;75004;48.8543;2.3577
93;Charroux;86250;46.1417;0.405
94;Châtain;86250;46.0729;0.4323
95;Civaux;86320;46.445;0.6644
96;Yvré l'Evêque;72530;48.0137;0.2714
97;Genouillé;86250;46.1072;0.337
98;Saint Martin de l'Ars;86350;46.261;0.5096
99;Le Mans;72000;48.0077;0.1986
100;Saint Maurice la Clouère;86160;46.3806;0.4121
101;Saint Pierre d'Exideuil;86400;46.1502;0.2704
102;Usson de Poitou;86350;46.261;0.5096
103;Conflans Sainte Honorine;78700;48.9927;2.0933
104;Isle sur la Sorgue;84800;43.9159;5.0864
105;Morienval;60127;49.2951;2.9176
106;Pontigny;89230;47.9097;3.7128
107;Seignelay;89250;47.9027;3.5998
108;Vougeot;21640;47.1781;4.9639
109;Chatou;78400;48.8899;2.1561
110;Poissy;78300;48.9286;2.0418
112;Pouilly-en-Auxois;21320;47.2483;4.5246
113;Bougival;78380;48.8632;2.1407
114;Gimeux;16130;45.6364;-0.371
115;Ganagobie;04310;44.009;4.9166
116;Fréjus;83600;43.4325;6.7352
117;Saint Brice;16100;45.6882;-0.2771
118;Tournus;71700;46.5656;4.9084
119;Airvault;79600;46.8264;-0.1381
120;BRancion;71700;46.5476;4.7966
121;Chapaize;71460;46.5566;4.7368
122;Autun;71400;46.9498;4.2994
123;Cluny;71250;46.4337;4.6582
124;Montbard;21500;47.6252;4.338
125;Mériel;95630;49.0806;2.2076
126;Mareil-Marly;78750;48.8824;2.0768
127;Saint-Généroux;79600;46.8835;-0.1375
128;Saint Jouin de Marnes;79600;46.8815;-0.0529
129;Jalogny;71250;46.4197;4.6287
130;Rians;83560;43.607;5.7569
131;Ruffec;16700;46.0284;0.2031
132;Louveciennes;78430;48.8626;2.111
133;Saint Denis;93200;48.9337;2.3595
134;Chenehutte-les-Tuffeaux;49350;47.337;-0.2341
135;Trêves;49350;47.337;-0.2341
136;Candes-Saint-Martin;37500;47.2113;0.0745
137;Magny les Hameaux;78114;48.7241;2.0876
138;Béthancourt en Valois;60129;49.2845;2.878
139;Gilocourt;60129;49.2967;2.8642
140;Giornico;CH-6745;46.4022;8.8766
141;Cernay la ville;78720;48.6722;1.9626
142;Cunault;49350;47.337;-0.2341
143;Fontevraud;49590;47.182;0.0502
144;Etampes;91150;48.4371;2.1632
145;Etampes;91150;48.4371;2.1632
146;Etampes;91150;48.4371;2.1632
147;Les Rues des Vignes;59258;50.0779;3.2566
148;Brioude;43100;45.2689;3.3646
149;Mozac;63200;45.9094;3.1247
150;Blesle;43450;45.3173;3.1623
151;Saint Paulien;43350;45.1601;3.8152
152;Lamontgie;63570;45.4489;3.3414
153;Issoire;63500;45.5468;3.2519
154;Bourbon l'Archambault;03160;46.5817;3.0578
155;Ségry;36100;46.9139;1.9459
156;Royat;63130;45.7579;3.0403
157;Orcival;63210;45.7041;2.8466
158;Clermont-Ferrand;63100;45.7964;3.1148
159;Ennezat;63720;45.9061;3.2354
160;Saint Nectaire;63710;45.6023;2.9726
161;Saint Saturnin;63450;45.6588;3.083
162;Ineuil;18160;46.7847;2.1802
163;Le Puy en Velay;43000;45.0565;3.8646
164;Ygrande;03160;46.6104;3.0196
165;Le Puy en Velay;43000;45.0565;3.8646
166;Saint-Julien-Chapteuil;43260;45.0391;4.0511
167;Bruere-Allichamps;18200;46.7361;2.4967
168;Lavaudieu;43100;45.2689;3.3646
169;;;43.9587;4.5437
170;Bourges;18000;47.0749;2.4045
171;Saulieu;21210;47.2796;4.2294
172;Cannes;06406;43.5509;7.0106
173;Clermont-ferrand;63100;45.7964;3.1148
